0.0000 	2662.0637 	21222050.1034 
0.0100 	2322.8872 	21203258.4801 
0.0200 	2688.0958 	21196969.4336 
0.0300 	2601.4076 	21217792.7474 
0.0400 	2415.1474 	21246293.6703 
0.0500 	2406.5650 	21297334.2936 
0.0600 	2438.9640 	21319131.2584 
0.0700 	2260.5966 	21317104.9836 
0.0800 	2619.9307 	21319917.4776 
0.0900 	2088.5789 	21312827.6811 
0.1000 	2407.5758 	21325023.3407 
0.1100 	3292.6868 	21434498.5803 
0.1200 	2178.2995 	21613170.9641 
0.1300 	2291.4123 	21650472.2765 
0.1400 	2360.4354 	21630918.5542 
0.1500 	2454.3921 	21648799.8836 
0.1600 	2162.5345 	21726072.7830 
0.1700 	2473.9541 	21752064.8331 
0.1800 	2292.7540 	21763542.8945 
0.1900 	2296.7060 	21774728.6383 
0.2000 	2543.1208 	21790311.8173 
0.2100 	2515.8978 	21837879.0650 
0.2200 	2516.5790 	21873648.9298 
0.2300 	2328.1402 	21907712.9818 
0.2400 	2075.9650 	21916911.7032 
0.2500 	3290.6964 	21968119.6777 
0.2600 	2350.1240 	22074500.5246 
0.2700 	2597.7111 	22074193.4565 
0.2800 	2197.9868 	22040001.6064 
0.2900 	1978.8152 	22017786.7412 
0.3000 	2588.7009 	22034688.9982 
0.3100 	2180.1852 	22071933.7745 
0.3200 	3013.1933 	22013969.6746 
0.3300 	2778.7330 	21995954.3231 
0.3400 	2495.0927 	22047599.1254 
0.3500 	2007.4657 	22067941.3466 
0.3600 	2803.2573 	22085329.4998 
0.3700 	2313.2932 	22124076.1159 
0.3800 	2246.9325 	22130976.1689 
0.3900 	2612.3087 	22134410.7450 
0.4000 	2196.6763 	22165396.1246 
0.4100 	1915.9846 	22181857.6108 
0.4200 	2594.5217 	22216777.3779 
0.4300 	2906.1654 	22220979.7552 
0.4400 	2344.3911 	22213245.8671 
0.4500 	2838.2671 	22237353.7949 
0.4600 	2443.1757 	22231837.3819 
0.4700 	2309.0779 	22195330.9483 
0.4800 	2578.1016 	22238185.6840 
0.4900 	2182.6214 	22307772.1896 
0.5000 	2646.0291 	22337610.8442 
0.5100 	2273.5009 	22361256.7793 
0.5200 	2377.6241 	22364622.9501 
0.5300 	2942.4401 	22357134.8757 
0.5400 	2567.0522 	22387458.6773 
0.5500 	2833.3605 	22406423.4209 
0.5600 	2852.6207 	22403291.8782 
0.5700 	3442.2213 	22466673.7741 
0.5800 	2546.9368 	22580108.4532 
0.5900 	2631.9077 	22563144.6541 
0.6000 	2223.5952 	22551539.1428 
0.6100 	3122.4231 	22607678.7040 
0.6200 	2810.3610 	22764319.1532 
0.6300 	1903.5064 	22836111.9636 
0.6400 	2210.8542 	22852251.4644 
0.6500 	2656.8814 	22884318.8312 
0.6600 	2761.2444 	22968402.0937 
0.6700 	2556.6672 	23088760.7606 
0.6800 	2887.0643 	23064033.9928 
0.6900 	1976.6143 	23054244.7283 
0.7000 	1976.0988 	23077907.7915 
0.7100 	2952.3266 	23146017.1157 
0.7200 	2824.6875 	23242514.5350 
0.7300 	2445.2608 	23246004.6396 
0.7400 	2754.5594 	23250782.3028 
0.7500 	2481.3055 	23174694.2635 
0.7600 	2480.0216 	23119946.9741 
0.7700 	2552.5445 	23134895.9847 
0.7800 	2115.5766 	23163351.7638 
0.7900 	2176.4357 	23151891.5619 
0.8000 	2230.2821 	23156641.9564 
0.8100 	2648.0864 	23177293.7105 
0.8200 	2475.5026 	23219134.0557 
0.8300 	2354.0109 	23212383.1040 
0.8400 	2594.9296 	23202832.3803 
0.8500 	2398.3750 	23274362.5937 
0.8600 	2439.5773 	23325948.4826 
0.8700 	2510.4174 	23332886.0471 
0.8800 	2571.9018 	23399964.9763 
0.8900 	3117.3013 	23445779.2578 
0.9000 	2879.9999 	23415859.8264 
0.9100 	2280.1287 	23411595.0749 
0.9200 	2488.9474 	23422210.0598 
0.9300 	2481.2967 	23401510.0154 
0.9400 	2242.1154 	23383636.1484 
0.9500 	2304.8534 	23350516.6087 
0.9600 	2269.6074 	23299873.3753 
0.9700 	2663.5661 	23229113.4128 
0.9800 	2397.7199 	23160835.8719 
0.9900 	2763.3797 	23182538.4789 
1.0000 	2360.2480 	23269435.3414 
1.0100 	2203.5701 	23274031.3305 
1.0200 	2823.5597 	23260730.1088 
1.0300 	1723.5934 	23254452.3444 
1.0400 	2740.6257 	23236982.7191 
1.0500 	2199.5354 	23237421.5755 
1.0600 	2635.2592 	23292140.9295 
1.0700 	2392.9019 	23325556.5909 
1.0800 	3880.8370 	23459943.8584 
1.0900 	2382.1513 	23668784.4129 
1.1000 	2278.1294 	23647224.4411 
1.1100 	2280.5902 	23653865.9861 
1.1200 	2425.5144 	23670892.7636 
1.1300 	2777.9717 	23656236.9181 
1.1400 	2720.0576 	23626456.3876 
1.1500 	2110.9090 	23608447.2366 
1.1600 	2673.6280 	23631753.1596 
1.1700 	2646.9635 	23656701.2451 
1.1800 	2120.7571 	23679270.8689 
1.1900 	2282.2242 	23694477.9006 
1.2000 	2856.8768 	23696408.2423 
1.2100 	2532.3108 	23679069.1847 
1.2200 	2492.7850 	23649230.1545 
1.2300 	2492.2506 	23626510.1786 
1.2400 	2998.3909 	23604766.0824 
1.2500 	4615.4674 	23614875.9840 
1.2600 	2055.4049 	23897123.3934 
1.2700 	2598.9884 	23910882.0527 
1.2800 	1859.8068 	23914940.0805 
1.2900 	2833.5783 	23925590.5005 
1.3000 	2392.5346 	23940555.4221 
1.3100 	2544.5620 	23971649.5975 
1.3200 	2668.2332 	24006167.6232 
1.3300 	3117.7736 	23981899.6180 
1.3400 	2856.9333 	24054257.6267 
1.3500 	2245.1149 	24129452.6670 
1.3600 	2482.0539 	24169070.3573 
1.3700 	2553.2075 	24152046.5848 
1.3800 	2872.0980 	24124675.7238 
1.3900 	2535.9788 	24140380.4279 
1.4000 	1919.9564 	24155462.6497 
1.4100 	2363.2226 	24194149.2331 
1.4200 	2503.2820 	24220040.1887 
1.4300 	2187.2145 	24231122.5624 
1.4400 	2294.8176 	24276260.1465 
1.4500 	2595.0769 	24344011.9396 
1.4600 	2644.9575 	24466692.4558 
1.4700 	2612.9463 	24593248.3978 
1.4800 	2658.4616 	24646249.3458 
1.4900 	2239.2109 	24675979.4424 
1.5000 	2670.1569 	24671956.1692 
1.5100 	2944.8750 	24656164.7156 
1.5200 	2247.0941 	24680103.1806 
1.5300 	2448.1443 	24707447.8776 
1.5400 	2758.2212 	24726950.1394 
1.5500 	2464.8044 	24753287.9084 
1.5600 	2545.0735 	24800518.5749 
1.5700 	2086.8005 	24807798.8212 
1.5800 	2077.6353 	24819402.3177 
1.5900 	2401.5756 	24822675.2379 
1.6000 	2412.1760 	24846347.0758 
1.6100 	2508.1928 	24897963.3105 
1.6200 	2361.0799 	24914717.4161 
1.6300 	2351.6399 	24916461.6841 
1.6400 	2628.9740 	24946770.8371 
1.6500 	2283.7912 	24992708.5773 
1.6600 	2222.9452 	24996339.7516 
1.6700 	2015.0886 	25010642.1574 
1.6800 	2407.8507 	25036344.7870 
1.6900 	2921.4081 	25006879.4214 
1.7000 	2619.8941 	24940635.5154 
1.7100 	2284.3002 	24900703.1825 
1.7200 	2027.7401 	24905682.8170 
1.7300 	2319.0144 	24899020.5762 
1.7400 	2607.4389 	24903188.7627 
1.7500 	2631.0272 	24951377.7444 
1.7600 	2481.0841 	24991832.2735 
1.7700 	2867.7220 	24983449.8554 
1.7800 	2643.9948 	25018768.1624 
1.7900 	2696.5170 	25135372.5008 
1.8000 	2740.4892 	25262077.6311 
1.8100 	2606.3604 	25276417.6603 
1.8200 	1975.9327 	25294572.0539 
1.8300 	2605.2974 	25343930.9800 
1.8400 	2531.4214 	25471667.0888 
1.8500 	2509.5827 	25565250.5154 
1.8600 	2915.3993 	25510123.1178 
1.8700 	2926.5997 	25485476.2140 
1.8800 	3038.9321 	25446622.0660 
1.8900 	2290.1526 	25436382.2991 
1.9000 	2767.2897 	25457327.8668 
1.9100 	3022.6916 	25533454.3345 
1.9200 	2365.8940 	25584693.3529 
1.9300 	2671.6699 	25549960.6244 
1.9400 	2832.1690 	25543371.9898 
1.9500 	2473.3354 	25554516.0798 
1.9600 	2207.9346 	25573139.9125 
1.9700 	3110.6586 	25580613.2227 
1.9800 	1867.9334 	25643106.0791 
1.9900 	2133.2724 	25679627.7246 
2.0000 	2398.2311 	25662479.1814 
2.0100 	2415.1200 	25573892.0633 
2.0200 	2843.3778 	25572964.1254 
2.0300 	2308.4749 	25612877.9449 
2.0400 	2329.7473 	25633615.1393 
2.0500 	2396.1804 	25637933.2384 
2.0600 	2314.2452 	25680043.0542 
2.0700 	2497.3401 	25758747.4406 
2.0800 	2374.9952 	25780204.9327 
2.0900 	2576.0756 	25775860.5285 
2.1000 	2959.5012 	25797421.5372 
2.1100 	2285.6252 	25879507.9789 
2.1200 	2765.2293 	25801650.2718 
2.1300 	2464.5219 	25751842.0913 
2.1400 	2425.8484 	25703029.1550 
2.1500 	2697.6415 	25644540.9708 
2.1600 	2524.6962 	25585644.8667 
2.1700 	3040.0763 	25557363.6728 
2.1800 	2705.4125 	25709414.8816 
2.1900 	2806.8944 	25908175.4802 
2.2000 	2223.5677 	25949378.1893 
2.2100 	2516.5625 	25965252.4314 
2.2200 	1823.6128 	25977471.2768 
2.2300 	2517.5627 	25994410.4723 
2.2400 	2609.9219 	26025621.9008 
2.2500 	2822.5982 	26057101.5688 
2.2600 	2716.2965 	26067219.4719 
2.2700 	2653.4651 	26072144.7264 
2.2800 	2394.2155 	26125761.2051 
2.2900 	2572.4257 	26130670.7788 
2.3000 	2429.6822 	26115684.6181 
2.3100 	2186.9667 	26115878.9170 
2.3200 	2504.2822 	26119303.0771 
2.3300 	2288.3591 	26139365.9023 
2.3400 	1906.9705 	26160726.0597 
2.3500 	1873.0640 	26160171.7212 
2.3600 	3678.4454 	26107549.2105 
2.3700 	2368.0429 	26110358.3508 
2.3800 	1946.2685 	26084621.8699 
2.3900 	2917.5763 	26068721.4187 
2.4000 	1979.7256 	26086225.1521 
2.4100 	2642.0760 	26092457.2049 
2.4200 	1897.7063 	26099751.7698 
2.4300 	1981.1264 	26092776.4994 
2.4400 	2974.0913 	26063735.6647 
2.4500 	2837.0548 	26054851.7980 
2.4600 	2251.8543 	26100016.3486 
2.4700 	2685.1725 	26109981.0988 
2.4800 	2070.7016 	26128106.6000 
2.4900 	2609.7147 	26125724.9591 
2.5000 	2168.1428 	26118492.1089 
2.5100 	2936.5390 	26121800.2193 
2.5200 	2390.4940 	26145128.4632 
2.5300 	2332.8754 	26099945.8233 
2.5400 	2323.1675 	26102422.0810 
2.5500 	2473.9559 	26149322.5320 
2.5600 	2287.5000 	26145170.6165 
2.5700 	2334.3588 	26159489.5593 
2.5800 	2690.0906 	26208845.0911 
2.5900 	2934.9318 	26157580.1952 
2.6000 	1838.3632 	26185130.1077 
2.6100 	2747.1227 	26202215.0521 
2.6200 	2817.2632 	26213600.7056 
2.6300 	2072.1019 	26254412.5866 
2.6400 	2296.2981 	26298014.1865 
2.6500 	2837.2018 	26319322.6199 
2.6600 	3183.7232 	26350800.2752 
2.6700 	1995.4114 	26389805.5898 
2.6800 	2394.1394 	26424639.4639 
2.6900 	2706.5880 	26464939.5995 
2.7000 	2155.0392 	26446349.3431 
2.7100 	2537.2879 	26403443.1913 
2.7200 	2226.4048 	26402627.9571 
2.7300 	2665.8689 	26392646.2728 
2.7400 	2559.7191 	26346456.4573 
2.7500 	2104.3234 	26316651.0480 
2.7600 	2424.7748 	26329116.6510 
2.7700 	2991.2368 	26378189.6503 
2.7800 	2318.8583 	26406097.4591 
2.7900 	2085.0597 	26350490.4596 
2.8000 	2432.3324 	26280862.0710 
2.8100 	2663.4564 	26235453.0032 
2.8200 	2871.1641 	26251157.3397 
2.8300 	2665.4625 	26271441.1274 
2.8400 	2357.8284 	26299330.0249 
2.8500 	2649.4633 	26356414.1209 
2.8600 	2310.2278 	26407310.3460 
2.8700 	2529.2924 	26409810.3860 
2.8800 	2696.1022 	26470794.5511 
2.8900 	2724.2677 	26552485.1561 
2.9000 	2603.1926 	26550348.4661 
2.9100 	2393.5772 	26540698.8604 
2.9200 	1970.4573 	26544745.7022 
2.9300 	2355.9667 	26549468.2798 
2.9400 	2304.6988 	26571134.1242 
2.9500 	1940.4726 	26573623.7734 
2.9600 	2068.6613 	26568567.0649 
2.9700 	2081.7082 	26586779.7696 
2.9800 	2175.3322 	26614332.0342 
2.9900 	2250.8394 	26611212.4780 
3.0000 	2385.7235 	26575182.9386 
3.0100 	2984.2073 	26605964.7050 
3.0200 	2513.2139 	26668701.9099 
3.0300 	2137.0862 	26669641.0492 
3.0400 	2262.0388 	26627104.7309 
3.0500 	2211.8828 	26574811.9535 
3.0600 	2312.6431 	26593293.8919 
3.0700 	2288.7334 	26595576.3506 
3.0800 	2281.7080 	26566500.7742 
3.0900 	2468.0668 	26569537.1080 
3.1000 	2407.6174 	26605239.3088 
3.1100 	2281.3137 	26655264.1268 
3.1200 	2904.2311 	26632708.0251 
3.1300 	2171.4320 	26590026.6725 
3.1400 	3394.9599 	26617055.9086 
3.1500 	2141.7074 	26828815.7601 
3.1600 	2913.8579 	26857845.5662 
3.1700 	2477.0895 	26891199.4162 
3.1800 	2719.0442 	27034298.8608 
3.1900 	2139.1272 	27171072.4837 
3.2000 	2135.7845 	27182949.2677 
3.2100 	2489.6405 	27190348.5424 
3.2200 	2731.2794 	27177671.1993 
3.2300 	1938.8019 	27188150.2176 
3.2400 	2226.9898 	27214764.3164 
3.2500 	2356.5906 	27256851.5268 
3.2600 	2453.3884 	27285453.5290 
3.2700 	2176.8634 	27313078.2962 
3.2800 	2466.5792 	27391758.0203 
3.2900 	3305.4176 	27356326.0105 
3.3000 	2422.9982 	27394339.0289 
3.3100 	2907.3515 	27358441.2920 
3.3200 	1919.7200 	27353403.1148 
3.3300 	2088.8017 	27402504.7803 
3.3400 	3473.9159 	27528625.3060 
3.3500 	2471.2748 	27792284.4061 
3.3600 	3278.9029 	27795579.1916 
3.3700 	2673.7759 	27811666.0516 
3.3800 	2294.4592 	27839003.4136 
3.3900 	2439.5435 	27880787.3551 
3.4000 	2025.0652 	27908874.5501 
3.4100 	1991.1905 	27908940.0776 
3.4200 	2307.1144 	27890924.2007 
3.4300 	2456.4549 	27906845.4935 
3.4400 	2663.2212 	27952409.4720 
3.4500 	2109.8458 	27998194.5663 
3.4600 	2875.5775 	28040517.9149 
3.4700 	2098.0285 	28103124.4083 
3.4800 	1997.5238 	28135658.3982 
3.4900 	1996.3526 	28126381.7433 
3.5000 	2371.9234 	28140342.8276 
3.5100 	2275.7221 	28178886.5791 
3.5200 	1895.8395 	28164729.1065 
3.5300 	2182.9299 	28172407.7997 
3.5400 	1695.1824 	28217006.8950 
3.5500 	2207.2583 	28213308.2147 
3.5600 	2385.8525 	28231590.5134 
3.5700 	2838.2118 	28236715.5220 
3.5800 	2527.4266 	28254577.1235 
3.5900 	2594.9026 	28255772.7652 
3.6000 	2124.8623 	28253596.9250 
3.6100 	2808.8925 	28241050.4214 
3.6200 	2290.8502 	28263076.3899 
3.6300 	2875.2630 	28261168.3521 
3.6400 	3304.1490 	28394754.1106 
3.6500 	2690.9428 	28712539.7662 
3.6600 	2695.6040 	28745346.0539 
3.6700 	2426.6647 	28755744.4323 
3.6800 	2411.0024 	28730380.6362 
3.6900 	2869.4484 	28708085.4625 
3.7000 	2274.8989 	28688612.6796 
3.7100 	2825.5657 	28697200.5869 
3.7200 	2545.7155 	28729210.6088 
3.7300 	2054.2283 	28767080.4594 
3.7400 	2249.1312 	28778580.9785 
3.7500 	2231.3055 	28767908.7164 
3.7600 	2457.2869 	28794236.7781 
3.7700 	2703.3720 	28829352.2132 
3.7800 	2774.4877 	28848235.6107 
3.7900 	2331.5085 	28825090.0617 
3.8000 	2275.6884 	28802502.2191 
3.8100 	2104.6404 	28821518.0935 
3.8200 	2628.7206 	28843062.7513 
3.8300 	2289.9860 	28874944.2343 
3.8400 	2785.0535 	28930425.1517 
3.8500 	2332.4878 	29014873.4492 
3.8600 	2617.6061 	29018095.8851 
3.8700 	2627.8042 	29065267.3716 
3.8800 	2507.2837 	29107830.8890 
3.8900 	3048.3205 	29117640.6525 
3.9000 	2512.3132 	29161681.7734 
3.9100 	2521.2368 	29130118.7381 
3.9200 	2538.9360 	29114582.8136 
3.9300 	2831.9860 	29088726.0517 
3.9400 	2804.7459 	29065365.2230 
3.9500 	2297.8475 	29052751.7526 
3.9600 	3066.6359 	29063398.4816 
3.9700 	2456.3768 	29115936.6694 
3.9800 	2337.0279 	29146796.2336 
3.9900 	2378.2256 	29176796.8365 
4.0000 	2628.2271 	29198133.6303 
4.0100 	2828.8132 	29178180.0939 
4.0200 	2458.7541 	29175201.7382 
4.0300 	2141.0245 	29218011.8618 
4.0400 	3189.3891 	29551945.5130 
4.0500 	2634.3621 	30050411.4101 
4.0600 	2035.4652 	30107546.0449 
4.0700 	2090.7959 	30096413.0824 
4.0800 	2213.3278 	30096422.9974 
4.0900 	2862.4907 	30071203.3338 
4.1000 	2011.4058 	30064114.1109 
4.1100 	2002.0831 	30102552.4962 
4.1200 	1989.7560 	30112386.6862 
4.1300 	2547.1442 	30092776.7529 
4.1400 	2295.2499 	30071444.1433 
4.1500 	2824.3662 	30046560.6471 
4.1600 	3074.8645 	30026837.7279 
4.1700 	2528.7664 	30040715.8399 
4.1800 	2298.2898 	30109729.0243 
4.1900 	2317.9795 	30159505.7567 
4.2000 	2354.8846 	30174487.4746 
4.2100 	2423.6499 	30161431.2236 
4.2200 	3555.5531 	30182997.5904 
4.2300 	2443.1759 	30306405.3323 
4.2400 	2810.5155 	30316191.0308 
4.2500 	2545.3643 	30338953.0407 
4.2600 	2379.7332 	30277297.2840 
4.2700 	2411.7521 	30268262.2147 
4.2800 	2428.2151 	30259390.5668 
4.2900 	2095.4465 	30261278.9569 
4.3000 	3196.4886 	30288894.9624 
4.3100 	2151.0481 	30247984.2464 
4.3200 	2148.6312 	30210078.3455 
4.3300 	2093.1143 	30240250.4363 
4.3400 	2181.8754 	30238514.1817 
4.3500 	2439.7834 	30202450.5408 
4.3600 	3005.1852 	30190309.1053 
4.3700 	3196.8161 	30199571.8036 
4.3800 	2140.0330 	30228286.6588 
4.3900 	2241.1089 	30249104.8148 
4.4000 	2730.9146 	30274192.9352 
4.4100 	2691.8185 	30286690.3551 
4.4200 	2114.0379 	30306572.5670 
4.4300 	2243.5466 	30333132.0372 
4.4400 	3287.0156 	30364978.3834 
4.4500 	2833.5770 	30359028.5617 
4.4600 	2254.1673 	30361351.5480 
4.4700 	2555.9969 	30318972.3418 
4.4800 	3048.7392 	30240826.3855 
4.4900 	2732.4948 	30274815.6827 
4.5000 	2454.5399 	30294691.3655 
4.5100 	2594.2566 	30258409.3125 
4.5200 	2732.1812 	30272969.6254 
4.5300 	3076.8951 	30317549.6882 
4.5400 	2276.9575 	30373075.2477 
4.5500 	2097.3542 	30395550.7142 
4.5600 	2104.5596 	30408566.8221 
4.5700 	2313.2035 	30437762.4390 
4.5800 	2780.9231 	30470432.0018 
4.5900 	2502.5899 	30471880.6121 
4.6000 	2173.2487 	30472708.1541 
4.6100 	2581.8717 	30479015.5754 
4.6200 	2656.9583 	30468911.8684 
4.6300 	2695.7093 	30411285.1668 
4.6400 	2980.9871 	30368322.3567 
4.6500 	3118.3453 	30502724.2330 
4.6600 	2110.1730 	30779963.3344 
4.6700 	2441.1553 	30785180.5688 
4.6800 	2643.1609 	30824447.8726 
4.6900 	2374.7885 	30858403.8839 
4.7000 	2248.7651 	30851106.7422 
4.7100 	2423.4888 	30855637.2389 
4.7200 	2797.5119 	30878511.3628 
4.7300 	2709.1573 	30879925.4709 
4.7400 	2344.4321 	30895453.2409 
4.7500 	2542.4383 	30944888.1952 
4.7600 	2113.0825 	30987817.5711 
4.7700 	2615.2217 	31006979.8635 
4.7800 	2611.2113 	31018876.4466 
4.7900 	2366.9954 	30947215.0756 
4.8000 	2461.8044 	30871243.0862 
4.8100 	2188.0514 	30848300.5497 
4.8200 	2087.3693 	30860669.6412 
4.8300 	2933.1899 	30882680.3171 
4.8400 	3023.8273 	30823497.0663 
4.8500 	2446.5066 	30772131.8099 
4.8600 	1969.9803 	30760890.7973 
4.8700 	2027.0035 	30770024.9548 
4.8800 	3335.5523 	30730744.0312 
4.8900 	2968.2278 	30670665.3247 
4.9000 	2402.1256 	30681286.4314 
4.9100 	2560.2968 	30739402.7630 
4.9200 	2612.0712 	30796773.2066 
4.9300 	1980.4380 	30821592.7162 
4.9400 	2322.2707 	30850449.5915 
4.9500 	2472.0647 	30865648.9029 
4.9600 	3498.1665 	30872509.2004 
4.9700 	2171.7438 	30929781.0571 
4.9800 	3377.9974 	30842181.7713 
4.9900 	2394.0165 	30840598.1761 
5.0000 	3103.0863 	30871512.8671 
5.0100 	2406.2820 	30876930.5134 
5.0200 	2978.0979 	30749200.1529 
5.0300 	2649.6344 	30702110.6233 
5.0400 	2618.4727 	30700413.5793 
5.0500 	2279.6176 	30698953.3798 
5.0600 	2277.6723 	30703994.3697 
5.0700 	3023.5164 	30718365.7333 
5.0800 	2451.8553 	30757415.2680 
5.0900 	2271.5968 	30819229.5546 
5.1000 	2587.2199 	30882637.1902 
5.1100 	2914.6958 	30939192.1238 
5.1200 	2586.0111 	31017488.4146 
5.1300 	2578.5826 	31016964.8509 
5.1400 	2657.7576 	31029880.1433 
5.1500 	2374.5586 	31050693.3787 
5.1600 	2689.3248 	31076702.5404 
5.1700 	2457.0016 	31129336.8632 
5.1800 	2174.7727 	31144381.9558 
5.1900 	2779.8787 	31131332.2381 
5.2000 	2453.4224 	31142010.4168 
5.2100 	3088.7585 	31270081.4117 
5.2200 	2313.4791 	31446461.5576 
5.2300 	2091.9686 	31466580.0322 
5.2400 	2870.8224 	31474826.4522 
5.2500 	2621.5134 	31505144.4726 
5.2600 	2855.0888 	31534572.2393 
5.2700 	2522.8712 	31485513.5498 
5.2800 	2298.5068 	31441848.0822 
5.2900 	3276.2476 	31443137.8324 
5.3000 	2220.5762 	31487442.6202 
5.3100 	2194.7697 	31501157.5095 
5.3200 	2294.3478 	31507043.0895 
5.3300 	2662.2954 	31513084.7727 
5.3400 	2523.0104 	31606824.4517 
5.3500 	2508.2980 	31700346.9094 
5.3600 	2495.1454 	31688896.1258 
5.3700 	2336.9701 	31674255.4519 
5.3800 	2539.7597 	31662985.5711 
5.3900 	2303.8971 	31699767.9018 
5.4000 	2455.9194 	31755684.9419 
5.4100 	3574.0255 	31981887.7565 
5.4200 	2472.8008 	32371861.7565 
5.4300 	2116.6682 	32409394.8758 
5.4400 	2195.5292 	32443989.8579 
5.4500 	2265.3799 	32456280.9747 
5.4600 	2810.1708 	32437792.8201 
5.4700 	2767.9160 	32474540.7867 
5.4800 	2360.1548 	32480942.0788 
5.4900 	2097.5055 	32431809.2366 
5.5000 	2311.8561 	32416617.5969 
5.5100 	2306.5774 	32423013.8459 
5.5200 	2518.2800 	32455307.2508 
5.5300 	2858.9638 	32444039.8672 
5.5400 	2508.9305 	32441523.8177 
5.5500 	2541.8176 	32472746.2871 
5.5600 	2206.6854 	32483334.8208 
5.5700 	2442.2020 	32483446.4779 
5.5800 	2450.8209 	32466065.7547 
5.5900 	2481.3846 	32442156.4079 
5.6000 	3211.1388 	32402112.6839 
5.6100 	2563.1538 	32450894.1228 
5.6200 	2234.1009 	32464124.4510 
5.6300 	2308.5488 	32438410.6707 
5.6400 	2301.9834 	32468098.9864 
5.6500 	2202.6302 	32514762.7231 
5.6600 	2969.6084 	32538477.1777 
5.6700 	2276.4159 	32576930.0478 
5.6800 	2606.2711 	32593066.7533 
5.6900 	2592.4275 	32659164.9947 
5.7000 	2768.9848 	32773415.4697 
5.7100 	2309.7442 	32812445.7364 
5.7200 	2400.4501 	32808307.1137 
5.7300 	2764.2294 	32843306.9915 
5.7400 	2295.0725 	32876902.0571 
5.7500 	2062.6484 	32848685.7248 
5.7600 	2460.7622 	32791196.8908 
5.7700 	2924.7145 	32791807.9550 
5.7800 	2164.7741 	32833903.4648 
5.7900 	2388.6620 	32806760.1137 
5.8000 	2579.1396 	32810263.1242 
5.8100 	3217.7712 	32917288.9109 
5.8200 	2464.1785 	33067808.9972 
5.8300 	2802.5884 	33113287.6836 
5.8400 	2707.1095 	33129022.2759 
5.8500 	2598.7861 	33113462.4929 
5.8600 	2294.6455 	33110566.1714 
5.8700 	2011.9019 	33148309.3521 
5.8800 	2236.8723 	33166962.9908 
5.8900 	2320.6017 	33161558.7371 
5.9000 	2506.2533 	33113674.0130 
5.9100 	2635.1570 	33102735.7136 
5.9200 	2253.5638 	33156696.4506 
5.9300 	2831.1422 	33170616.2897 
5.9400 	1942.7435 	33170186.9442 
5.9500 	2307.1744 	33150688.4322 
5.9600 	2175.1504 	33131419.8536 
5.9700 	2041.9148 	33140890.4304 
5.9800 	2725.3665 	33161153.1041 
5.9900 	2748.9750 	33213953.5656 
6.0000 	2260.7920 	33272014.2760 
6.0100 	2243.6720 	33262874.2216 
6.0200 	2536.5518 	33271608.4690 
6.0300 	2934.5182 	33340087.7705 
6.0400 	2277.1824 	33441494.8354 
6.0500 	2451.5943 	33505694.0607 
6.0600 	2202.5649 	33543519.1098 
6.0700 	2492.4712 	33508236.7312 
6.0800 	2897.2359 	33488605.0159 
6.0900 	2808.5665 	33473951.5870 
6.1000 	2618.2188 	33439661.2573 
6.1100 	2165.2331 	33458897.7632 
6.1200 	2360.1646 	33480690.3356 
6.1300 	2613.7642 	33462122.6832 
6.1400 	2198.1147 	33443155.4675 
6.1500 	2350.1384 	33436818.7678 
6.1600 	2434.8963 	33432957.5535 
6.1700 	2192.7763 	33442218.2430 
6.1800 	2257.5721 	33444537.3884 
6.1900 	1918.0645 	33424774.3350 
6.2000 	2342.4566 	33414240.9652 
6.2100 	2578.0240 	33478530.3658 
6.2200 	2385.9081 	33564381.2727 
6.2300 	2191.0849 	33559946.3066 
6.2400 	3019.7041 	33568612.9474 
6.2500 	2286.6458 	33619984.5581 
6.2600 	2201.9516 	33616353.2019 
6.2700 	2276.0512 	33608222.0249 
6.2800 	2348.3114 	33638849.5241 
6.2900 	2488.8946 	33687832.5173 
6.3000 	2624.4042 	33728930.1866 
6.3100 	2184.0760 	33756925.1234 
6.3200 	2141.5620 	33744656.9478 
6.3300 	2494.5608 	33725270.1545 
6.3400 	2219.8173 	33673317.6318 
6.3500 	2578.1435 	33618336.5175 
6.3600 	2869.8432 	33651354.2507 
6.3700 	2226.7081 	33812414.8696 
6.3800 	2084.6776 	33802858.8125 
6.3900 	1808.4902 	33802766.5039 
6.4000 	2497.0009 	33782609.5922 
6.4100 	2367.3306 	33697671.3834 
6.4200 	2297.2408 	33662717.8336 
6.4300 	2166.1803 	33708958.0805 
6.4400 	2824.6596 	33741273.5580 
6.4500 	2977.6823 	33760255.6149 
6.4600 	2502.7100 	33766956.1862 
6.4700 	2142.8646 	33774374.1159 
6.4800 	2043.7908 	33772301.1005 
6.4900 	2181.1516 	33750874.4230 
6.5000 	2558.7020 	33738962.5176 
6.5100 	2657.6621 	33700308.1001 
6.5200 	2408.0304 	33682281.0892 
6.5300 	2342.8983 	33718508.2227 
6.5400 	2438.6788 	33748980.9135 
6.5500 	2539.2687 	33750160.3474 
6.5600 	4235.0772 	33495849.5848 
6.5700 	3192.8053 	33757161.5911 
6.5800 	2864.5188 	34093877.6558 
6.5900 	2461.6497 	34129673.9193 
6.6000 	2074.4751 	34143025.7739 
6.6100 	2067.8818 	34189488.7896 
6.6200 	2761.6731 	34317866.3592 
6.6300 	2525.9554 	34420838.8711 
6.6400 	2481.8295 	34404787.7244 
6.6500 	2621.7862 	34405063.7473 
6.6600 	2789.5215 	34416989.2280 
6.6700 	2746.8784 	34494883.6032 
6.6800 	2420.5986 	34536013.5285 
6.6900 	2416.8400 	34488654.0114 
6.7000 	2693.9239 	34437702.8284 
6.7100 	2435.0665 	34457183.2534 
6.7200 	2368.7240 	34496233.7222 
6.7300 	2328.6488 	34490217.3311 
6.7400 	2512.9096 	34504491.9878 
6.7500 	2750.7852 	34434938.3278 
6.7600 	2628.4872 	34399101.0657 
6.7700 	2956.3593 	34451915.5922 
6.7800 	2752.7470 	34475097.7785 
6.7900 	2495.8707 	34490299.7640 
6.8000 	2689.2488 	34506916.2809 
6.8100 	2831.5569 	34519873.2347 
6.8200 	2107.4739 	34526077.4219 
6.8300 	2298.9971 	34525588.2783 
6.8400 	2132.6337 	34526518.0773 
6.8500 	2862.8668 	34533414.5942 
6.8600 	1988.0030 	34592043.0729 
6.8700 	2419.6369 	34657041.4607 
6.8800 	2040.2623 	34686571.8310 
6.8900 	1861.2243 	34734948.4823 
6.9000 	2522.4974 	34753110.8338 
6.9100 	2855.6125 	34735567.8042 
6.9200 	2393.8246 	34771765.6258 
6.9300 	2366.5879 	34809884.4396 
6.9400 	1898.2428 	34837693.7881 
6.9500 	2129.7739 	34839072.3188 
6.9600 	2258.8717 	34834533.1946 
6.9700 	2507.0687 	34818661.6490 
6.9800 	2374.5869 	34815710.1657 
6.9900 	2542.0294 	34847166.0433 
7.0000 	2182.2248 	34899270.1169 
7.0100 	2092.9458 	34941085.5405 
7.0200 	2116.0247 	34959649.4540 
7.0300 	2342.4160 	34969178.8774 
7.0400 	2108.6694 	34982411.8155 
7.0500 	2355.9081 	34993549.5804 
7.0600 	2316.5860 	35022198.8959 
7.0700 	2544.6300 	35098401.9809 
7.0800 	2328.5479 	35215411.9270 
7.0900 	2780.3324 	35245287.1009 
7.1000 	2059.3526 	35251185.1115 
7.1100 	2979.8730 	35272801.6734 
7.1200 	2832.6754 	35260354.8739 
7.1300 	2006.8442 	35244619.0750 
7.1400 	2587.5430 	35250750.4145 
7.1500 	5033.6602 	35903092.8277 
7.1600 	2492.5748 	37560401.7486 
7.1700 	2740.7065 	37545000.8203 
7.1800 	2275.2003 	37508025.0261 
7.1900 	2137.8190 	37491344.8480 
7.2000 	2688.9435 	37439975.6874 
7.2100 	1704.4009 	37427208.1823 
7.2200 	1851.1326 	37457537.0660 
7.2300 	2300.6067 	37456748.6335 
7.2400 	2993.2463 	37463264.5335 
7.2500 	2510.8283 	37527465.7189 
7.2600 	2486.2228 	37560504.3288 
7.2700 	2629.1600 	37533074.9390 
7.2800 	1953.7296 	37512410.0015 
7.2900 	2039.0735 	37525409.1840 
7.3000 	2590.1891 	37562636.1930 
7.3100 	2461.5673 	37579459.4237 
7.3200 	2914.0613 	37584923.8150 
7.3300 	2253.9964 	37634957.8670 
7.3400 	2476.2441 	37624752.2632 
7.3500 	2202.4663 	37652943.0549 
7.3600 	2473.1723 	37655257.7092 
7.3700 	2619.6141 	37665519.9122 
7.3800 	2323.9944 	37699546.2689 
7.3900 	2116.3262 	37685579.4034 
7.4000 	2444.3405 	37656584.7717 
7.4100 	2493.3603 	37652393.2871 
7.4200 	2381.6985 	37671653.4615 
7.4300 	2930.2802 	37598491.0514 
7.4400 	2756.6008 	37511173.8237 
7.4500 	1936.9622 	37507784.2117 
7.4600 	2466.7294 	37546608.1612 
7.4700 	2626.4994 	37553291.0303 
7.4800 	2210.0072 	37524062.5274 
7.4900 	2727.8918 	37574338.7582 
7.5000 	3253.5824 	37639477.8374 
7.5100 	2224.6025 	37708613.5865 
7.5200 	2432.0342 	37639987.8517 
7.5300 	2323.9356 	37581996.8154 
7.5400 	2276.3277 	37589085.5709 
7.5500 	2568.7958 	37675198.7001 
7.5600 	2491.3045 	37806164.3798 
7.5700 	2672.9666 	37819964.8300 
7.5800 	2274.4925 	37888409.8526 
7.5900 	3275.0581 	37985506.6289 
7.6000 	2649.5229 	38123841.3806 
7.6100 	2186.5128 	38240799.8419 
7.6200 	2369.6049 	38264641.9783 
7.6300 	2304.3332 	38268378.0464 
7.6400 	2541.0655 	38305019.6852 
7.6500 	1923.5919 	38314266.6738 
7.6600 	2556.5603 	38279502.6263 
7.6700 	2641.7694 	38406921.6692 
7.6800 	1999.5599 	38571945.2996 
7.6900 	2397.4622 	38580536.6986 
7.7000 	2970.7794 	38617725.8459 
7.7100 	2624.5258 	38715442.7622 
7.7200 	2747.4048 	38826882.4569 
7.7300 	2444.4333 	38923660.0298 
7.7400 	2224.0045 	38936429.3553 
7.7500 	2451.0435 	38935316.4636 
7.7600 	2537.1471 	38934232.8954 
7.7700 	2771.8008 	38829127.1122 
7.7800 	2741.5049 	38815071.7139 
7.7900 	2425.0532 	38801523.7553 
7.8000 	2381.0829 	38752540.5239 
7.8100 	2765.0213 	38772090.4258 
7.8200 	2514.0406 	38807651.7323 
7.8300 	2620.4145 	38889213.6494 
7.8400 	2128.3387 	39059737.3961 
7.8500 	3064.3861 	39063739.7737 
7.8600 	2605.1620 	39076918.8323 
7.8700 	1802.2804 	39106876.0067 
7.8800 	2507.1137 	39156568.4137 
7.8900 	2349.4087 	39191357.5640 
7.9000 	2531.4678 	39194854.6368 
7.9100 	2429.3249 	39213950.5725 
7.9200 	2699.9760 	39200972.8831 
7.9300 	2606.3917 	39194809.1087 
7.9400 	2513.0452 	39212133.3211 
7.9500 	2634.2956 	39224588.2324 
7.9600 	2253.8342 	39218045.9467 
7.9700 	2393.9952 	39201817.6123 
7.9800 	2553.3427 	39165144.0725 
7.9900 	2530.4782 	39158150.2079 
8.0000 	2173.7321 	39151695.6044 
8.0100 	2326.6817 	39150595.4377 
8.0200 	3074.5699 	39164150.3136 
8.0300 	2093.3550 	39158532.9405 
8.0400 	2837.4885 	39216067.1805 
8.0500 	2321.7615 	39291048.1425 
8.0600 	2691.0635 	39325098.4786 
8.0700 	2879.0918 	39366833.7972 
8.0800 	2497.5330 	39452506.3353 
8.0900 	2768.5589 	39468311.8571 
8.1000 	2722.9307 	39456144.7205 
8.1100 	2430.7912 	39521108.3996 
8.1200 	2809.0563 	39580169.8512 
8.1300 	2070.6250 	39597737.4452 
8.1400 	2305.2548 	39617782.6962 
8.1500 	2455.3788 	39616529.7572 
8.1600 	2491.8482 	39613377.9294 
8.1700 	2710.4516 	39646087.8685 
8.1800 	2064.1948 	39671806.0276 
8.1900 	1737.6792 	39682718.5201 
8.2000 	2643.8713 	39685151.7445 
8.2100 	2664.3339 	39739472.4592 
8.2200 	2583.5548 	39798769.4677 
8.2300 	3153.2388 	39785814.4957 
8.2400 	2640.1166 	39783645.7140 
8.2500 	2044.2613 	39773263.0306 
8.2600 	2808.5827 	39810744.0918 
8.2700 	2052.9490 	39907557.6668 
8.2800 	3029.2106 	39936954.2383 
8.2900 	2448.6170 	39965876.5148 
8.3000 	2055.4910 	39966712.7104 
8.3100 	1861.1910 	39974085.9282 
8.3200 	2475.2130 	39968955.9250 
8.3300 	2970.8357 	40086399.1716 
8.3400 	2424.5317 	40220252.4345 
8.3500 	2125.2145 	40248763.8896 
8.3600 	2272.4523 	40272315.3797 
8.3700 	2304.6476 	40277398.1619 
8.3800 	2624.9650 	40278778.8111 
8.3900 	2263.8602 	40254515.4679 
8.4000 	1792.3660 	40218767.1623 
8.4100 	2774.0637 	40233141.0238 
8.4200 	2472.8094 	40259353.6648 
8.4300 	2112.0998 	40264128.3423 
8.4400 	2319.5174 	40215721.0468 
8.4500 	2703.2956 	40204524.4062 
8.4600 	2550.4210 	40242415.7157 
8.4700 	2535.7578 	40275510.6290 
8.4800 	2534.7741 	40302909.8249 
8.4900 	2562.7635 	40307026.5139 
8.5000 	2377.8163 	40299798.0159 
8.5100 	2643.9743 	40347421.4786 
8.5200 	1766.4950 	40394201.3258 
8.5300 	2392.8321 	40410707.8273 
8.5400 	2778.9694 	40499003.3535 
8.5500 	2415.7948 	40601718.2177 
8.5600 	2842.5381 	40633788.6981 
8.5700 	1658.4948 	40650365.5441 
8.5800 	2411.2393 	40705009.3702 
8.5900 	2216.0779 	40783077.3440 
8.6000 	2122.8584 	40808472.3525 
8.6100 	2506.2473 	40743163.8233 
8.6200 	2098.7636 	40676240.6497 
8.6300 	2501.7628 	40651825.9254 
8.6400 	2202.7673 	40657662.5920 
8.6500 	2104.7260 	40674751.1737 
8.6600 	2756.0779 	40678265.8548 
8.6700 	2625.4188 	40736686.8653 
8.6800 	2411.5566 	40848893.5750 
8.6900 	2532.4238 	40884797.4926 
8.7000 	2759.5896 	40873352.1305 
8.7100 	2330.5103 	40867904.2034 
8.7200 	2399.2400 	40840020.2892 
8.7300 	2416.4854 	40815437.4998 
8.7400 	2706.3134 	40816703.5746 
8.7500 	2810.0764 	40846535.3037 
8.7600 	2059.6096 	40880109.2310 
8.7700 	2590.7189 	40930631.8516 
8.7800 	2691.8784 	41001264.0602 
8.7900 	2172.3275 	41077840.3815 
8.8000 	2301.7906 	41091436.3689 
8.8100 	2212.9138 	41064449.4290 
8.8200 	2437.2436 	41045710.5045 
8.8300 	2977.0565 	41053606.3742 
8.8400 	2427.8010 	41099937.4404 
8.8500 	2929.1875 	41193215.2189 
8.8600 	2609.3129 	41285955.0275 
8.8700 	2629.3822 	41297547.5134 
8.8800 	2437.1416 	41305687.3151 
8.8900 	1991.6675 	41293090.7173 
8.9000 	2511.2208 	41290598.8687 
8.9100 	2924.5851 	41298160.6312 
8.9200 	2486.0634 	41297885.4425 
8.9300 	1999.2446 	41271580.0220 
8.9400 	2582.5985 	41281020.5209 
8.9500 	2716.1578 	41465027.6911 
8.9600 	2160.5817 	41621503.3353 
8.9700 	2789.7294 	41535486.5940 
8.9800 	2766.1593 	41453845.6382 
8.9900 	2393.5199 	41514035.1175 
9.0000 	2982.6805 	41561685.9870 
9.0100 	2858.9723 	41533769.7025 
9.0200 	2023.7807 	41513312.6779 
9.0300 	3269.5785 	41468240.9426 
9.0400 	2977.9782 	41509472.9019 
9.0500 	2838.4723 	41538055.6198 
9.0600 	3556.6949 	41680525.1647 
9.0700 	2657.6453 	41934197.0304 
9.0800 	2642.9956 	41954520.4807 
9.0900 	2616.4469 	41918625.0291 
9.1000 	2978.3508 	41891439.5925 
9.1100 	2298.4377 	41880918.5385 
9.1200 	2309.4653 	41888207.9405 
9.1300 	2632.2983 	41932439.7630 
9.1400 	2777.6134 	41981023.8936 
9.1500 	2056.1767 	41998657.8521 
9.1600 	2221.6516 	42008947.4983 
9.1700 	2543.0568 	42049003.4169 
9.1800 	2187.0189 	42056119.1318 
9.1900 	3513.7844 	42444872.9107 
9.2000 	2720.7353 	43119167.8145 
9.2100 	2577.9491 	43240816.4817 
9.2200 	2061.7162 	43311870.4979 
9.2300 	2834.2601 	43304697.0464 
9.2400 	2272.6778 	43252468.7679 
9.2500 	2363.4020 	43280687.3318 
9.2600 	2523.9686 	43335670.8306 
9.2700 	2569.8035 	43383359.7143 
9.2800 	2341.4264 	43443821.2991 
9.2900 	3192.8120 	43410918.8938 
9.3000 	2686.6078 	43377502.4070 
9.3100 	2313.7696 	43341710.8722 
9.3200 	3172.2610 	43375848.1526 
9.3300 	2442.2330 	43531744.8271 
9.3400 	2345.7970 	43631337.8747 
9.3500 	2502.1266 	43559438.5658 
9.3600 	2362.1757 	43488992.6634 
9.3700 	2673.2005 	43518821.1915 
9.3800 	2175.9496 	43573718.1705 
9.3900 	2375.0211 	43603481.6759 
9.4000 	2572.0198 	43624449.5043 
9.4100 	2204.7380 	43654667.1892 
9.4200 	2484.5862 	43636337.5805 
9.4300 	2865.8434 	43550460.5919 
9.4400 	2852.9921 	43573249.7627 
9.4500 	2979.3204 	43625367.2898 
9.4600 	3380.1605 	43731019.7486 
9.4700 	2525.1762 	43858830.3503 
9.4800 	2531.2260 	43883840.7330 
9.4900 	2137.2460 	43949420.7463 
9.5000 	2754.3397 	43993042.5966 
9.5100 	2151.2042 	43991393.2289 
9.5200 	2379.1178 	44001954.6885 
9.5300 	2216.7553 	44026445.1018 
9.5400 	2506.1307 	43997936.6818 
9.5500 	2632.8829 	43943338.3056 
9.5600 	2501.2155 	43971305.3764 
9.5700 	2420.8053 	44005522.0887 
9.5800 	2195.9273 	44007547.9026 
9.5900 	1759.1599 	44003137.1990 
9.6000 	2326.2922 	43996338.1872 
9.6100 	2341.0228 	44002167.7955 
9.6200 	2243.1849 	43999785.2714 
9.6300 	2174.0757 	43975921.9714 
9.6400 	2636.9656 	44007440.4437 
9.6500 	2323.0256 	44055086.2701 
9.6600 	2387.4233 	44036217.8218 
9.6700 	2786.8001 	43972458.6021 
9.6800 	3069.2450 	43944264.6503 
9.6900 	2795.8299 	43900221.4901 
9.7000 	2530.8231 	43854667.6570 
9.7100 	2543.2275 	43858704.8502 
9.7200 	2535.3332 	43790941.6283 
9.7300 	2816.6640 	43747714.2867 
9.7400 	2474.9971 	43785786.6411 
9.7500 	2458.2439 	43805338.6270 
9.7600 	2597.8869 	43754899.0286 
9.7700 	2359.0481 	43730479.6867 
9.7800 	2489.3236 	43763928.8555 
9.7900 	2906.8468 	43837195.2095 
9.8000 	2379.4126 	43933803.4893 
9.8100 	2524.4657 	43991704.2420 
9.8200 	2920.3806 	44032247.5060 
9.8300 	2650.9499 	44041429.0303 
9.8400 	2892.6843 	44158146.8190 
9.8500 	2285.2361 	44319654.7725 
9.8600 	2368.9726 	44335368.0664 
9.8700 	2329.6328 	44338261.1062 
9.8800 	3173.3748 	44401107.0535 
9.8900 	2723.7859 	44524228.2841 
9.9000 	3929.7431 	44663200.2115 
9.9100 	2879.6303 	44949131.7176 
9.9200 	3129.9120 	45013302.8456 
9.9300 	2838.8174 	45079415.2624 
9.9400 	1865.7297 	45147107.5264 
9.9500 	2232.9839 	45134144.6322 
9.9600 	2388.4648 	45129708.5164 
9.9700 	2291.2281 	45095733.5129 
9.9800 	2670.9583 	45100796.6729 
9.9900 	2043.4461 	45213191.6957 
